-1.243895160857209e-06
-0.0007804870293128446
-7.451126599963445e-05
-2.574978517049453e-06
-0.0008505473870942468
-3.7911357505947436e-05
-0.0002503615912505444
-0.00034028905399097214
-6.725956276611366e-05
-5.155146017889698e-05
-0.000355461431929739
-0.0023380997780641914
-0.0009674107670748868
-0.0006447803818215089
-0.0001339866627036
-0.0005775337747959324
-3.5298297266018163e-05
-1.361276899146538e-05
0.0012618918985056815
1.4731301568482542e-06
-3.041914077177898e-06
-6.859998695839367e-05
0.00031254374716486235
-0.011447398903558819
9.285855626894499e-06
-0.00020247621020064825
1.3259804915547635e-05
-0.0014807487774736413
-0.0005566926074715844
-0.005930694209066177
-9.849009350594347e-05
-0.00034774221377804757
-0.003061900223445096
-0.010711809266865593
-4.721152349195042e-06
-0.0014214704838941944
-0.0012379471311626748
-0.0017426066787906605
-0.016386705880039574
-0.0002861239419084894
-0.005945020566229643
-0.0013963179676058986
-0.000322209648219585
-0.0023729440225137106
-0.0011888958946408882
-0.00018832539096015667
-0.0009202351848721311
-0.006543888024898612
-1.9614282052581807e-05
-8.06299344096335e-07
-0.00017670921701861913
-0.0030601039687767743
-0.03592318716217137
-0.0005340729798735708
-0.0010365542250323208
-9.35648591212936e-05
-0.0023912742938924014
-0.00253495951738473
-0.0002034553386042988
-1.4046278925546951e-05
-0.0009545673555818654
-0.0007422462664133528
-0.013021827728394348
-0.00020507350804802762
-5.7233094688960075e-06
-0.00027825820548958296
-0.004860303091763585
-9.789497119207008e-06
-0.0034843542723557133
-9.703744923164786e-06
-1.0902386828140672e-06
-7.244249013278639e-05
-9.310861294689454e-05
-0.002586405370648341
-0.0016582751180084076
-4.7971256273454035e-05
-0.0001252091861450646
-0.0016721595767590495
-0.005301766775209909
-1.153320086541985e-05
-1.973330181967678e-06
-5.5207289954393715e-05
-1.3901832830006243e-06
-0.06163152591841297
-0.00019899818722102743
-3.9011860508696555e-05
-0.08596471283959771
-1.8435059409172836e-07
-0.0001952570489326413
-1.428342619949983e-05
0.00013612232229712407
-0.005620436424661232
-0.002314554284929575
-3.029333282704538e-05
-0.0001779078031122318
-0.0032371820235665427
-0.0024694723508004593
-0.0034213564682827693
-0.010564808258327247
-0.0005939478610759081